MG_Data_frame_table:
	.dl MG_Data_0
	.dl MG_Data_1
	.dl MG_Data_2
	.dl MG_Data_3
	.dl MG_Data_4
	.dl MG_Data_5
	.dl MG_Data_6



MG_Data_6:
	.dl Sprite_Table_0
	.db 1
	.db 50, 16, 15, 40

MG_Data_5:
	.dl Sprite_Table_0
	.db 1
	.db 41, 16, 15, 40

MG_Data_4:
	.dl Sprite_Table_0
	.db 1
	.db 86, 16, 15, 40

MG_Data_3:
	.dl Sprite_Table_0
	.db 1
	.db 66, 16, 12, 47

MG_Data_2:
	.dl Sprite_Table_0
	.db 1
	.db 55, 16, 22, 47

MG_Data_1:
	.dl Sprite_Table_0
	.db 1
	.db 60, 16, 27, 47

MG_Data_0:
	.dl Sprite_Table_0
	.db 185
	.db 205, 9, 32, 2
	.db 214, 16, 20, 3
	.db 231, 19, 10, 4
	.db 248, 19, 0, 4
	.db 94, 16, 113, 5
	.db 86, 9, 125, 6
	.db 113, 19, 149, 7
	.db 96, 16, 137, 8
	.db 11, 12, 35, 9
	.db 179, 12, 48, 10
	.db 179, 12, 60, 11
	.db 179, 12, 72, 12
	.db 179, 12, 84, 13
	.db 179, 12, 96, 14
	.db 179, 12, 108, 15
	.db 191, 12, 83, 16
	.db 191, 12, 47, 17
	.db 191, 12, 59, 18
	.db 191, 12, 71, 19
	.db 179, 12, 36, 20
	.db 191, 12, 95, 21
	.db 191, 12, 107, 15
	.db 191, 12, 35, 20
	.db 167, 12, 107, 15
	.db 167, 12, 35, 20
	.db 167, 12, 83, 16
	.db 143, 12, 70, 19
	.db 143, 12, 94, 14
	.db 143, 12, 106, 22
	.db 143, 12, 82, 16
	.db 155, 12, 36, 9
	.db 155, 12, 48, 17
	.db 167, 12, 95, 21
	.db 155, 12, 60, 11
	.db 155, 12, 84, 16
	.db 155, 12, 96, 23
	.db 155, 12, 108, 22
	.db 203, 12, 34, 24
	.db 167, 12, 59, 18
	.db 167, 12, 71, 19
	.db 155, 12, 72, 19
	.db 203, 12, 46, 17
	.db 203, 12, 106, 22
	.db 203, 12, 70, 19
	.db 251, 12, 108, 22
	.db 251, 12, 96, 23
	.db 251, 12, 84, 16
	.db 251, 12, 72, 19
	.db 251, 12, 60, 11
	.db 251, 12, 48, 17
	.db 251, 12, 36, 9
	.db 239, 12, 108, 15
	.db 239, 12, 96, 23
	.db 239, 12, 84, 16
	.db 239, 12, 72, 25
	.db 239, 12, 60, 11
	.db 239, 12, 48, 17
	.db 239, 12, 36, 20
	.db 227, 12, 107, 22
	.db 227, 12, 83, 13
	.db 227, 12, 95, 14
	.db 203, 12, 94, 14
	.db 143, 12, 58, 11
	.db 203, 12, 82, 16
	.db 215, 12, 34, 9
	.db 215, 12, 46, 10
	.db 215, 12, 58, 18
	.db 203, 12, 58, 11
	.db 215, 12, 70, 26
	.db 215, 12, 94, 21
	.db 215, 12, 106, 27
	.db 227, 12, 35, 9
	.db 227, 12, 47, 17
	.db 227, 12, 59, 18
	.db 227, 12, 71, 25
	.db 215, 12, 82, 13
	.db 143, 12, 46, 17
	.db 167, 12, 47, 17
	.db 131, 12, 107, 15
	.db 47, 12, 35, 20
	.db 47, 12, 47, 17
	.db 47, 12, 59, 11
	.db 143, 12, 34, 24
	.db 47, 12, 83, 16
	.db 47, 12, 95, 23
	.db 47, 12, 107, 15
	.db 35, 12, 107, 15
	.db 59, 12, 36, 9
	.db 59, 12, 60, 11
	.db 59, 12, 72, 19
	.db 59, 12, 84, 16
	.db 59, 12, 96, 23
	.db 59, 12, 108, 22
	.db 71, 12, 37, 9
	.db 71, 12, 49, 10
	.db 59, 12, 48, 17
	.db 71, 12, 61, 18
	.db 35, 12, 95, 14
	.db 35, 12, 71, 12
	.db 11, 12, 47, 17
	.db 11, 12, 59, 18
	.db 11, 12, 71, 25
	.db 11, 12, 95, 14
	.db 11, 12, 83, 13
	.db 11, 12, 107, 22
	.db 23, 12, 34, 24
	.db 35, 12, 83, 13
	.db 23, 12, 46, 17
	.db 23, 12, 70, 19
	.db 23, 12, 94, 14
	.db 23, 12, 106, 22
	.db 23, 12, 82, 16
	.db 35, 12, 35, 20
	.db 35, 12, 47, 10
	.db 35, 12, 59, 11
	.db 23, 12, 58, 11
	.db 71, 12, 73, 26
	.db 47, 12, 71, 25
	.db 71, 12, 97, 21
	.db 107, 12, 95, 14
	.db 107, 12, 107, 15
	.db 119, 12, 34, 9
	.db 119, 12, 58, 18
	.db 119, 12, 70, 25
	.db 119, 12, 94, 14
	.db 71, 12, 85, 13
	.db 119, 12, 82, 13
	.db 119, 12, 106, 22
	.db 131, 12, 35, 20
	.db 131, 12, 47, 17
	.db 131, 12, 59, 11
	.db 131, 12, 71, 25
	.db 131, 12, 83, 16
	.db 131, 12, 95, 23
	.db 107, 12, 83, 13
	.db 107, 12, 71, 12
	.db 119, 12, 46, 17
	.db 107, 12, 47, 10
	.db 83, 12, 95, 21
	.db 83, 12, 83, 16
	.db 107, 12, 59, 11
	.db 95, 12, 35, 9
	.db 83, 12, 71, 19
	.db 83, 12, 59, 18
	.db 83, 12, 47, 17
	.db 83, 12, 35, 20
	.db 95, 12, 47, 10
	.db 95, 12, 59, 18
	.db 95, 12, 71, 26
	.db 71, 12, 109, 27
	.db 95, 12, 83, 13
	.db 95, 12, 95, 21
	.db 95, 12, 107, 27
	.db 107, 12, 35, 20
	.db 83, 12, 107, 15
	.db 164, 24, 34, 28
	.db 140, 24, 36, 29
	.db 77, 13, 83, 30
	.db 96, 19, 49, 4
	.db 79, 16, 59, 5
	.db 70, 9, 71, 6
	.db 86, 11, 95, 31
	.db 86, 14, 107, 32
	.db 135, 23, 103, 33
	.db 134, 20, 115, 34
	.db 223, 23, 108, 35
	.db 132, 18, 127, 36
	.db 117, 23, 39, 37
	.db 137, 16, 83, 38
	.db 46, 16, 52, 1
	.db 177, 24, 104, 39
	.db 201, 24, 106, 39
	.db 203, 16, 44, 1
	.db 202, 16, 51, 40
	.db 142, 16, 76, 41
	.db 129, 16, 77, 41
	.db 135, 16, 84, 1
	.db 48, 16, 45, 42
	.db 45, 16, 59, 40
	.db 61, 16, 86, 41
	.db 65, 16, 93, 1
	.db 53, 16, 93, 43
	.db 139, 23, 138, 44
	.db 154, 19, 94, 45
	.db 138, 14, 148, 46



