FG_Data_frame_table:
	.dl FG_Data_0
	.dl FG_Data_1
	.dl FG_Data_2
	.dl FG_Data_3
	.dl FG_Data_4
	.dl FG_Data_5
	.dl FG_Data_6
	.dl FG_Data_7
	.dl FG_Data_8
	.dl FG_Data_9



FG_Data_9:
	.dl Sprite_Table_0
	.db 3
	.db 24, 45, 86, 5
	.db 38, 45, 34, 2
	.db 30, 23, 124, 4

FG_Data_8:
	.dl Sprite_Table_0
	.db 9
	.db 65, 45, 27, 5
	.db 183, 45, 124, 5
	.db 221, 45, 45, 5
	.db 54, 45, 108, 6
	.db 152, 45, 21, 6
	.db 117, 45, 84, 2
	.db 192, 23, 85, 7
	.db 89, 23, 120, 4
	.db 26, 23, 70, 4

FG_Data_7:
	.dl Sprite_Table_0
	.db 9
	.db 72, 45, 109, 5
	.db 163, 45, 39, 1
	.db 232, 45, 76, 1
	.db 186, 45, 112, 2
	.db 31, 45, 44, 2
	.db 77, 23, 22, 3
	.db 232, 23, 22, 7
	.db 117, 23, 79, 0
	.db 5, 47, 76, 9

FG_Data_6:
	.dl Sprite_Table_0
	.db 8
	.db 29, 45, 41, 5
	.db 16, 45, 100, 1
	.db 242, 45, 47, 5
	.db 223, 45, 96, 2
	.db 96, 45, 78, 2
	.db 144, 45, 19, 6
	.db 84, 23, 121, 3
	.db 184, 23, 10, 0

FG_Data_5:
	.dl Sprite_Table_0
	.db 9
	.db 3, 45, 82, 5
	.db 88, 45, 120, 1
	.db 177, 45, 9, 6
	.db 106, 45, 60, 2
	.db 180, 23, 77, 7
	.db 238, 23, 66, 4
	.db 129, 23, 113, 4
	.db 32, 23, 29, 0
	.db 39, 47, 50, 9

FG_Data_4:
	.dl Sprite_Table_0
	.db 15
	.db 155, 45, 34, 1
	.db 149, 45, 45, 5
	.db 115, 45, 61, 1
	.db 93, 45, 65, 5
	.db 112, 45, 75, 5
	.db 69, 45, 80, 5
	.db 69, 45, 80, 5
	.db 97, 45, 103, 5
	.db 239, 45, 40, 1
	.db 58, 45, 85, 5
	.db 59, 45, 38, 1
	.db 10, 45, 23, 1
	.db 139, 45, 17, 6
	.db 180, 23, 126, 3
	.db 147, 23, 70, 4

FG_Data_3:
	.dl Sprite_Table_0
	.db 9
	.db 82, 45, 65, 1
	.db 131, 45, 98, 1
	.db 37, 45, 133, 1
	.db 141, 45, 21, 6
	.db 19, 23, 27, 7
	.db 206, 23, 57, 7
	.db 219, 23, 105, 4
	.db 30, 23, 108, 4
	.db 171, 47, 75, 8

FG_Data_2:
	.dl Sprite_Table_0
	.db 8
	.db 30, 45, 64, 5
	.db 51, 45, 116, 5
	.db 148, 45, 44, 1
	.db 177, 45, 86, 6
	.db 59, 23, 95, 7
	.db 191, 23, 67, 4
	.db 61, 23, 32, 4
	.db 22, 47, 25, 8

FG_Data_1:
	.dl Sprite_Table_0
	.db 9
	.db 50, 45, 128, 5
	.db 25, 45, 33, 5
	.db 138, 45, 80, 5
	.db 199, 45, 18, 2
	.db 179, 45, 106, 6
	.db 12, 45, 84, 6
	.db 71, 23, 32, 7
	.db 206, 23, 53, 0
	.db 84, 23, 68, 0

FG_Data_0:
	.dl Sprite_Table_0
	.db 8
	.db 83, 23, 126, 0
	.db 164, 45, 68, 1
	.db 178, 45, 132, 1
	.db 129, 45, 14, 2
	.db 46, 23, 7, 3
	.db 189, 23, 97, 3
	.db 200, 23, 26, 0
	.db 54, 23, 71, 4



