MG_Data_frame_table:
	.dl MG_Data_0
	.dl MG_Data_1
	.dl MG_Data_2
	.dl MG_Data_3
	.dl MG_Data_4
	.dl MG_Data_5
	.dl MG_Data_6
	.dl MG_Data_7
	.dl MG_Data_8
	.dl MG_Data_9



MG_Data_9:
	.dl Sprite_Table_0
	.db 2
	.db 36, 14, 89, 11
	.db 24, 23, 48, 12

MG_Data_8:
	.dl Sprite_Table_0
	.db 13
	.db 17, 14, 48, 11
	.db 134, 14, 19, 10
	.db 21, 14, 106, 11
	.db 148, 14, 36, 10
	.db 205, 14, 125, 11
	.db 250, 14, 33, 11
	.db 148, 14, 81, 10
	.db 203, 47, 58, 9
	.db 68, 45, 97, 5
	.db 235, 45, 21, 1
	.db 235, 45, 115, 5
	.db 54, 45, 36, 5
	.db 176, 23, 102, 12

MG_Data_7:
	.dl Sprite_Table_0
	.db 10
	.db 39, 14, 76, 11
	.db 138, 14, 112, 11
	.db 111, 14, 34, 10
	.db 182, 14, 55, 10
	.db 85, 47, 114, 8
	.db 139, 45, 25, 5
	.db 193, 45, 88, 6
	.db 21, 45, 43, 6
	.db 215, 23, 57, 12
	.db 79, 23, 58, 15

MG_Data_6:
	.dl Sprite_Table_0
	.db 11
	.db 48, 14, 29, 11
	.db 254, 14, 38, 10
	.db 243, 14, 95, 11
	.db 44, 14, 95, 11
	.db 103, 14, 61, 11
	.db 89, 47, 117, 9
	.db 169, 45, 111, 1
	.db 6, 45, 61, 6
	.db 97, 23, 48, 12
	.db 228, 23, 111, 12
	.db 155, 23, 56, 15

MG_Data_5:
	.dl Sprite_Table_0
	.db 11
	.db 10, 14, 78, 11
	.db 123, 14, 100, 10
	.db 123, 14, 40, 10
	.db 28, 14, 132, 10
	.db 224, 14, 89, 11
	.db 40, 47, 109, 9
	.db 83, 47, 34, 9
	.db 78, 45, 82, 1
	.db 227, 45, 16, 5
	.db 118, 23, 125, 14
	.db 177, 23, 95, 13

MG_Data_4:
	.dl Sprite_Table_0
	.db 14
	.db 86, 14, 70, 10
	.db 221, 14, 27, 11
	.db 236, 14, 106, 11
	.db 67, 14, 132, 10
	.db 18, 14, 25, 11
	.db 17, 14, 93, 11
	.db 81, 14, 21, 10
	.db 0, 45, 91, 1
	.db 135, 45, 55, 1
	.db 67, 45, 117, 2
	.db 193, 45, 16, 6
	.db 31, 23, 30, 14
	.db 122, 23, 95, 12
	.db 230, 23, 48, 12

MG_Data_3:
	.dl Sprite_Table_0
	.db 11
	.db 90, 14, 38, 10
	.db 195, 14, 91, 11
	.db 93, 14, 66, 10
	.db 81, 14, 106, 11
	.db 6, 14, 42, 11
	.db 6, 14, 72, 11
	.db 226, 47, 37, 9
	.db 107, 45, 25, 5
	.db 93, 45, 70, 6
	.db 62, 23, 116, 14
	.db 134, 23, 36, 13

MG_Data_2:
	.dl Sprite_Table_0
	.db 9
	.db 124, 14, 53, 10
	.db 243, 14, 110, 11
	.db 115, 14, 110, 11
	.db 28, 14, 126, 10
	.db 55, 14, 79, 10
	.db 91, 47, 29, 9
	.db 137, 45, 118, 1
	.db 164, 45, 20, 2
	.db 137, 23, 84, 12

MG_Data_1:
	.dl Sprite_Table_0
	.db 12
	.db 79, 14, 49, 10
	.db 252, 14, 83, 10
	.db 254, 14, 40, 11
	.db 119, 14, 106, 11
	.db 149, 14, 32, 10
	.db 63, 47, 82, 8
	.db 127, 45, 59, 5
	.db 235, 45, 88, 6
	.db 145, 23, 117, 13
	.db 55, 23, 129, 12
	.db 195, 23, 57, 12
	.db 195, 23, 18, 13

MG_Data_0:
	.dl Sprite_Table_0
	.db 10
	.db 94, 14, 21, 10
	.db 128, 14, 64, 10
	.db 175, 14, 100, 10
	.db 70, 14, 117, 10
	.db 55, 14, 72, 11
	.db 149, 14, 36, 10
	.db 158, 45, 110, 2
	.db 248, 45, 19, 1
	.db 58, 23, 34, 12
	.db 216, 23, 63, 13



